"t 1 m 1" "t 1 m 2" "t 1 m 3" "t 2 m 1" "t 2 m 2" "t 2 m 3" "t 2 m 4" "t 2 m 5" "t 3 m 1" "t 3 m 2" "t 3 m 3" "t 3 m 4" "t 3 m 5"
"experience v safety.score" -0.421041959956986 -0.413530147313493 -0.366899399220606 -0.251985902525539 -0.418209925194027 -0.498746837579481 -0.546080367664238 -0.422831795020666 -0.128580034095767 -0.143932307831894 -0.811561278509252 -0.835008048894206 -0.198477868982955
"experience v safety.score" 0.486163579792622 0.493078700043433 0.533586954296429 0.618424446769051 0.488784066528185 0.407279476890579 0.756304941650378 0.817478455626618 0.972360800618308 0.971494929290889 0.811561278509252 0.785172602271301 0.968157396669309
"experience v hinderance.score" -0.464727643522188 -0.214470734471995 -0.517366790951034 -0.524951571228218 -0.392594552228323 -0.549932888756347 -0.129234068995985 -0.174811475434885 -0.671426621901739 -0.874846340216749 -0.966107860121561 -0.693656550056199 0.127352155281181
"experience v hinderance.score" 0.443562758545511 0.642329288261397 0.386130604088843 0.377234529237836 0.51176513340888 0.346707825029282 0.899642875901683 0.890363771758849 0.895660274229962 0.721037018051478 0.228738061006411 0.88711178316067 0.983388022024809
"experience v logic.score" -0.676729587668653 -0.6094523442853 -0.55672491173778 -0.414028323930686 -0.330087131982038 -0.525828220604292 -0.738480340135428 -0.445877258978738 -0.737367619740767 -0.537832071295992 -0.942065565279471 -0.985279559152564 -0.811561278509252
"experience v logic.score" 0.155650737485497 0.265421993061159 0.338066149252991 0.492623615078017 0.562891652582531 0.376195473551698 0.573803677979547 0.807833538630339 0.866406900986443 0.93049562073822 0.467662058626431 -0.186749917453071 0.811561278509252
"experience v coworker.score" -0.717481560288765 -0.510325683943385 -0.616792706363478 -0.534584219701577 -0.313688653148152 -0.535252768873008 -0.688465439968213 -0.447139435232206 -0.429783368410726 -0.0279915783444603 -0.915807912756588 -0.781886732159968 -0.451379845852079
"experience v coworker.score" 0.0773916898370217 0.394241278415025 0.254454723767592 0.365691344722882 0.575260917498668 0.36487978430946 0.638283239610873 0.807285164143002 0.947171437831958 0.977372207150212 0.604859209330092 0.837566599085934 0.94434341646883
"experience v avg..robot.time" -0.0879090737558113 -0.420187228640459 -0.682808807799531 0.0884420450731201 -0.407833360404199 -0.491421085768295 -0.486902699340544 0.601356082612512 -0.964275764285715 -0.96963384404046 -0.786205637734445 -0.844060701439997 -0.789071600221907
"experience v avg..robot.time" 0.712304018109741 0.486956186955947 0.144603821721386 0.788954225690629 0.498247683198099 0.415342111246231 0.788824185201267 0.979921150535243 0.253965039110297 0.175207755930895 0.834188932542008 0.773121949422677 0.831878389078386
"experience v std..robot.time" -0.183105463655722 -0.348339298593747 -0.771253186170629 -0.446876274768086 -0.390280005188991 -0.743521594109891 -0.147745061551919 -0.61748591545833 -0.931256009210317 -0.843631836033852 -0.898130561975385 -0.407270017348606 -0.744441182371826
"experience v std..robot.time" 0.66111287478357 0.548637166013505 -0.04340412746192 0.461481264583152 0.51377979625642 0.0216697104380249 0.895983063131364 0.706104806321211 0.533770518028559 0.773720464540927 0.664430759955533 0.949907940683617 0.862443001577902
"experience v avg..separation" -0.564406884688706 -0.602063632393475 -0.492909922439211 -0.601098118758167 -0.573554572662407 -0.464831183398392 -0.303312353373004 -0.681235858368246 -0.489254533385086 -0.900837790446583 -0.738163959772264 -0.86149344320564 -0.881492877736034
"experience v avg..separation" 0.32810687920204 0.276237487994587 0.413714969691699 0.277634548762028 0.315982805399112 0.443456667213226 0.858375747232732 0.646282031506374 0.93883001360102 0.6564359265693 0.865970519614867 0.746083753880676 0.706793642596932
"experience v std..separation" -0.140453131225076 -0.529255075674633 -0.331097960793809 -0.31749981069317 -0.649116194254247 0.0535306794420868 -0.0633392191177135 -0.465959627794382 -0.615049515684376 -0.820229065582565 -0.923982726124531 -0.412653661615443 -0.84727666747093
"experience v std..separation" 0.685063737715778 0.372111880137211 0.562115874784304 0.572421998425432 0.203338090894292 0.775333757476309 0.911594561444975 0.798843111979722 0.913151069260089 0.80252090884486 0.570035507799924 0.949271956996796 0.768540127055572
"experience v avg..time.under.0.3m" -0.315249718654617 -0.266371953770458 -0.530443654476508 -0.0264195840790514 -0.396045535616851 -0.468585823491653 -0.674393830783105 -0.496482591414825 -0.981595796734588 -0.497466637330907 -0.871125585745308 -0.871483984345977 -0.797216856846617
"experience v avg..time.under.0.3m" 0.574100668539703 0.60880940054921 0.370687319313507 0.741388813100507 0.508742691579463 0.439592231565387 0.653592566918483 0.784003558843415 -0.0762197569810251 0.937529522693011 0.728462165512254 0.727762934602303 0.82498981730206
"experience v std..time.under.0.3m" -0.188785971977494 -0.124582216456668 -0.482071814185552 -0.152310630515212 -0.483304782013537 -0.360831181449713 -0.16622673204981 -0.440487206787829 -0.84195976091438 -0.587085346801295 -0.955096203192682 -0.285208362138663 -0.75372549258416
"experience v std..time.under.0.3m" 0.657787716866434 0.693542410961591 0.42542895610921 0.67857972927378 0.424111501128294 0.538571175477129 0.892181915203959 0.810151167862536 0.776026726752805 0.92014391641662 0.359520665629818 0.961832799174079 0.856922857593119
"safety.score v hinderance.score" -0.428393730898251 -0.175950674229072 -0.0675067486313198 0.036389806508066 -0.490506799503655 -0.019170311016076 0.284198679265271 0.431716773685567 0.0613049878064253 -0.811561278509252 -0.626340425641262 0.198614015369307 0.434975391078975
"safety.score v hinderance.score" 0.479283958793686 0.665254357341052 0.722268991570588 0.768391200879767 0.416338462306096 0.744637654233327 0.95559489794195 0.968175236271453 0.981041147805301 0.811561278509252 0.910047398763288 0.985635314600377 0.991515216237212
"safety.score v logic.score" 0.0207300176117218 -0.026863529542251 0.248238603493376 -0.0632464577008514 0.506012396918197 0.194288132285836 0.00833453129438488 0.459799416937841 -0.298981150050541 -0.633002185365507 -0.45269803748019 -0.576763415449378 -0.393863147091901
"safety.score v logic.score" 0.761894265788188 0.741188677621367 0.843596408617927 0.724309238864625 0.911671816794163 0.826430923653077 0.922958596742051 0.970297879661993 0.960688821354677 0.908131660853232 0.944163852224028 0.922503049972468 0.951444340819581
"safety.score v coworker.score" -0.0926550911163002 -0.282431045134586 -0.0691979396096626 -0.274402094715014 0.0861799646323781 0.0399496850131227 0.482258682020808 0.565055964603419 0.43020163942182 -0.245118073422927 -0.363188654240791 0.610584046365117 0.36502856834286
"safety.score v coworker.score" 0.709938759294903 0.597763605556804 0.721455253195458 0.60332818726387 0.788092064423396 0.769847371729872 0.971940729238473 0.977610827661508 0.991415400773808 0.964931819389794 0.954724325648603 0.994781329449292 0.989983955167591
"safety.score v avg..robot.time" -0.564289606485498 -0.365909142061822 -0.536264953023658 -0.508959099516766 -0.481755640266686 -0.683181723180429 -0.418512400612952 -0.542880694561054 -0.975341094749896 -0.957441668767992 -0.95383561257726 -0.188737869715364 -0.664055292259284
"safety.score v avg..robot.time" 0.328260430359619 0.53440461011243 0.363648472369337 0.395799290567573 0.425766176830748 0.143919393323568 0.819211965347073 0.758244800124287 0.0713707810675658 0.335410715142749 0.371792013044946 0.968785418373115 0.898260411014914
"safety.score v std..robot.time" -0.550984956319551 -0.588113137402151 -0.350455418098863 -0.471362659438829 -0.456905875964785 -0.239593983906709 -0.640207752275843 -0.945424050554599 -0.948630333938727 -0.964159610692016 -0.924907865147516 -0.828244320851821 -0.738120647866067
"safety.score v std..robot.time" 0.345379140154105 0.296069013732651 0.546950092017413 0.436712400303765 0.451504348396468 0.626502913818521 0.686749757663105 -0.184383873610109 0.417990306604287 0.255510425124626 0.565724692925011 0.793440855788296 0.86599431681976
"safety.score v avg..separation" -0.124761399465119 -0.25615293605232 -0.0502373262449566 -0.0977400796599957 -0.0401936534015514 0.130462190746024 -0.818755311136874 0.25022116702182 -0.700181421189822 -0.886549213973802 -0.865426472465839 -0.941587412040133 -0.920637148641703
"safety.score v avg..separation" 0.693447934987396 0.615665927565092 0.730455086714407 0.707384316346929 0.735115032929124 0.804483342795695 0.419655706298532 0.952303408852062 0.884378373180257 0.695020990189791 0.739150554358814 0.470962604850289 0.584967078629393
"safety.score v std..separation" -0.391737680831055 -0.399229874972722 -0.0655249804483685 -0.231291117259042 -0.793936163667991 -0.356511370999146 -0.334945266930452 -0.652549606470891 -0.84134490452089 -0.784365773700887 -0.980766732418145 -0.891155283840299 -0.534850560001889
"safety.score v std..separation" 0.512512145621908 0.505933855767272 0.723219770537599 0.631813524316551 -0.101656373840217 0.542081373148317 0.848819980234585 0.675384100581654 0.776864043786646 0.835642845074491 -0.0540746437758968 0.68350399639779 0.93105504573152
"safety.score v avg..time.under.0.3m" -0.660298684210034 -0.5540886011315 -0.676677222973957 -0.529945927246831 -0.684875243646519 -0.812879054998736 -0.391675320706245 -0.829663275743484 -0.958164256681479 -0.793605181662937 -0.885947124209009 -0.644616556257994 -0.724929903503548
"safety.score v avg..time.under.0.3m" 0.184501611286734 0.341438412400745 0.155744996609184 0.371284382436916 0.140801210664228 -0.154235399758941 0.829498484149579 0.391227784282061 0.327625274094102 0.828104930623445 0.696468770562135 0.904629886215161 0.872918812910354
"safety.score v std..time.under.0.3m" -0.45058903560433 -0.271248462637139 -0.324301561891549 -0.274109549616411 -0.614569236792984 -0.729164676709807 -0.517800154462061 -0.556749331225324 -0.92604384761673 -0.761071083690507 -0.943360534462117 -0.853595734138695 -0.623654307258472
"safety.score v std..time.under.0.3m" 0.457814598435694 0.605490727548499 0.567301818108031 0.603529338876112 0.2578006496121 0.0529909323295586 0.772692097274479 0.749666855957903 0.560317579110931 0.852276928297547 0.45852141808182 0.759027170367238 0.910801719578278
"hinderance.score v logic.score" 0.109613206341234 -0.422029622284321 0.204566748386934 0.173638038236157 -0.389309486464694 -0.100133772993289 -0.203768670513211 -0.0183803031825237 0.299480614486548 -0.494078767463191 0.637307791652152 -0.753777422812303 -0.637199027467815
"hinderance.score v logic.score" 0.796891791951792 0.485245840693464 0.829794479788175 0.819534234053611 0.514621613114983 0.706174520502349 0.883969706689148 0.918901448392134 0.988401849209036 0.938070938775517 0.995217748234304 0.856890906377217 0.906890697128507
"hinderance.score v coworker.score" -0.308415228534087 -0.454209286398551 -0.130661021604462 -0.0344261154464211 -0.586740965871964 -0.247552882553838 0.107754747785988 0.215245128658352 0.366399929436455 -0.811561278509252 0.378646638778545 -0.0308444813194323 -0.231962822533864
"hinderance.score v coworker.score" 0.579154071653589 0.454209286398551 0.690321508621661 0.737758277982274 0.297979317643399 0.621335685030659 0.936460616747531 0.948735499679736 0.9900154596622 0.811561278509252 0.990294069567193 0.977244090241138 0.965880186830337
"hinderance.score v avg..robot.time" -0.406881133387159 -0.396033929197927 -0.651531761992374 -0.53347678156458 -0.459075493289782 -0.382385843249109 -0.522516486160514 -0.385824859759903 -0.939904854902997 -0.544557644971566 -0.823317702027293 -0.389723513529759 -0.762542470776201
"hinderance.score v avg..robot.time" 0.499105449692012 0.508752894235762 0.199321897839642 0.367032672802477 0.449315824914827 0.520576962934498 0.770073689696818 0.8316360886814 0.482270645598739 0.929208028844153 0.799108773505011 0.951905566822002 0.851314667748529
"hinderance.score v std..robot.time" -0.60957091718156 -0.633519989399912 -0.346320366918859 -0.39703303912632 -0.415650277174581 -0.151755871595637 -0.411124319478288 -0.875993390817262 -0.897952426672738 -0.819003233486601 -0.837476598052363 -0.744317714647245 -0.720653338843409
"hinderance.score v std..robot.time" 0.265246613794013 0.228596186264149 0.550239976602776 0.507873692060244 0.491138515354532 0.678886002006674 0.822125518021145 0.237407080159433 0.664944570669964 0.80384633270569 0.782003865150245 0.862513923205347 0.875033618397154
"hinderance.score v avg..separation" -0.632382782671697 -0.443489594931305 -0.107377133115249 -0.434675851395119 -0.461972272558701 -0.432763609682866 -0.678750958427486 -0.349311473315718 -0.834993179759535 -0.751329785838793 -0.895640847275008 -0.961365489788946 -0.892046389780509
"hinderance.score v avg..separation" 0.230393587203875 0.464799050237781 0.70248475083398 0.473315564271333 0.446376707077454 0.475141178388369 0.648965565675422 0.844208822426808 0.785191435305211 0.858383533542894 0.671480554007914 0.290897392980183 0.681181538656932
"hinderance.score v std..separation" -0.669886707632543 -0.636257400919168 -0.0421199216989717 -0.35166959623674 -0.476519010836125 -0.468875581060438 0.40623061317319 -0.500726986529494 -0.898693044656655 -0.901435859949477 -0.812217766896211 -0.836203973989481 -0.630376249199835
"hinderance.score v std..separation" 0.167841160967189 0.224245360216838 0.734226947635591 0.545978787640214 0.431314967241722 0.4392925966444 0.966179645842288 0.781817228440919 0.662798589164093 0.654621271822627 0.810902734515822 0.783647982808135 0.90889459199302
"hinderance.score v avg..time.under.0.3m" -0.245349231488443 -0.484026291152451 -0.706927035169799 -0.354168513241673 -0.464590672139623 -0.412101259246166 -0.55585044837573 -0.835330457216804 -0.886006700911968 -0.859069369128257 -0.64834506099345 -0.653928410110355 -0.804899627108748
"hinderance.score v avg..time.under.0.3m" 0.622773987619352 0.423338766188075 0.0986459492989154 0.543972109740735 0.443703066113238 0.49438124449182 0.750236456321731 0.375477407287996 0.696326084894575 0.750190091844382 0.903459553694013 0.901662655445938 0.818018403574853
"hinderance.score v std..time.under.0.3m" -0.643994739156398 -0.608642942393214 -0.308739698324834 -0.144015136271251 -0.34749405956869 -0.443757921964269 -0.180353588155483 -0.482937606606955 -0.917755937053567 -0.68974946328532 -0.569110374994988 -0.789102724519009 -0.554596644968024
"hinderance.score v std..time.under.0.3m" 0.211759332413644 0.266617621869642 0.578915692028325 0.683129582935496 0.54930899651367 0.464537108811597 0.889171689711164 0.79077453691321 0.597057133492909 0.888697136617153 0.924182752459646 0.831852984322838 0.927217137755255
"logic.score v coworker.score" 0.384675009980355 0.21190455768218 0.370986948379989 0.472260276789717 0.589006295124677 0.529083805886311 0.466042362628497 0.821041369398773 0.130370875665531 -0.0886923805384669 0.733058838580305 -0.718115465539671 -0.167253255538883
"logic.score v coworker.score" 0.882180691451337 0.832168220328544 0.87858938545171 0.903867472414987 0.929693364968307 0.916843270971764 0.970759313064527 0.992025171387768 0.983488857655622 0.974477302843536 0.996672306854499 0.87626046885764 0.970120103245664
"logic.score v avg..robot.time" -0.56687446819622 -0.184754913937434 -0.516797115311688 -0.531559978913235 -0.398483341852688 -0.548393931875823 -0.580877955015776 -0.523697561664964 -0.957139778072585 -0.912103713129331 -0.827306244139161 -0.51789912446223 -0.534118155601817
"logic.score v avg..robot.time" 0.324865123991755 0.660150752715587 0.386792050830202 0.369345485869255 0.50659408341112 0.348644955522465 0.733617961846025 0.769411091470556 0.338611927676559 0.618931089226802 0.794542206380527 0.934109869029607 0.931191421393918
"logic.score v std..robot.time" -0.704865484794893 -0.457100919472553 -0.0976136777998649 -0.433681803328959 -0.370047675128732 -0.460701662491889 -0.74979336959452 -0.946550331617877 -0.870448756619133 -0.8107566888748 -0.881519116070584 -0.915236621879139 -0.588985464858185
"logic.score v std..robot.time" 0.102713350755745 0.45130805138333 0.707448070215667 0.474265554817183 0.530976189932601 0.447668305466974 0.5565499447848 -0.194714575055929 0.729773622758706 0.812362801814896 0.706734741306122 0.607093244521398 0.919697372784825
"logic.score v avg..separation" -0.506209082460558 -0.522971755633736 -0.405606224227793 -0.389960110898038 -0.204497849710732 -0.222785123866741 -0.778487379921452 0.205173661426749 -0.829262327444643 -0.591658926174005 -0.916329908970045 -0.867111124641046 -0.818977896457771
"logic.score v avg..separation" 0.398918816240586 0.379572794304854 0.500251115224369 0.514057461383032 0.648415435296812 0.637171307646953 0.507074970167919 0.947672234250125 0.792233525702035 0.919062407816349 0.602796797083139 0.736073030743988 0.803873559288218
"logic.score v std..separation" -0.619019995465441 -0.254463394366606 -0.403069461670752 -0.442770148467708 -0.718646400841541 -0.627661953596149 -0.465025433921794 -0.645086244703556 -0.837373774915002 -0.9652512533603 -0.865734048022934 -0.931247652497001 -0.340627034525546
"logic.score v std..separation" 0.251082007020339 0.616786962399553 0.502521318919167 0.465500591668201 0.0750008631290773 0.237792628051135 0.799274247834279 0.682333367661224 0.78213754577501 0.240736269145839 0.738593630542368 0.533815525123958 0.956948288108873
"logic.score v avg..time.under.0.3m" -0.39644341019364 -0.279719607111865 -0.49713284613481 -0.460984264902276 -0.585249346878836 -0.733484581149547 -0.389591390946333 -0.680663529222188 -0.895463986790249 -0.817654625188689 -0.615449795244486 -0.413149209229949 -0.801329782011043
"logic.score v avg..time.under.0.3m" 0.508392785022952 0.599652340586632 0.40906802903095 0.447381362333958 0.300047905900568 0.0437257074844471 0.830264021681993 0.646903034722507 0.671970782541335 0.805286125783163 0.913043987880675 0.94921285129605 0.821318121586629
"logic.score v std..time.under.0.3m" -0.596268451636256 -0.0921955524935142 -0.288505129226479 -0.225940526194364 -0.381472874803566 -0.588762475864347 -0.604437261775359 -0.565911448971079 -0.887766825437477 -0.734204928751271 -0.673867892694263 -0.930810638462235 -0.499365172201558
"logic.score v std..time.under.0.3m" 0.284567537158247 0.710168572637822 0.593496753844458 0.635193422724656 0.521355747647556 0.295162548160082 0.716392521213129 0.743748500432803 0.692053403886553 0.868116152664297 0.894774868373814 0.536157658858856 0.937223047861111
"coworker.score v avg..robot.time" -0.449488754211579 0.0186457498455356 -0.23806694324993 -0.595821940993815 -0.31052137251309 -0.490570620302764 -0.543851763843255 -0.543434695026838 -0.974017917149237 -0.984882423186359 -0.862109174094794 -0.4295581207476 -0.685362091136169
"coworker.score v avg..robot.time" 0.458904451255547 0.761018149854421 0.627485699280376 0.285203883895985 0.577604032046408 0.416268983698305 0.757658497020107 0.75791056854556 0.097649742807896 -0.173775355007108 0.745020871587189 0.947199846964212 0.890433492929104
"coworker.score v std..robot.time" -0.514033374574941 -0.414062675176251 0.0945708808652561 -0.386465258770962 -0.30282201688977 -0.380114003299603 -0.679130312632506 -0.959228515677128 -0.934120003724793 -0.885490593048501 -0.914863513327587 -0.837289666638045 -0.752769913112827
"coworker.score v std..robot.time" 0.389987869634511 0.492592216886163 0.791276369262147 0.517078667308435 0.583239539118279 0.522512120295365 0.648558012864858 -0.323774297771298 0.517840922160225 0.69755802103165 0.608539410842998 0.782246784423755 0.857508597703898
"coworker.score v avg..separation" -0.643626288916049 -0.720550354551947 -0.635917640045853 -0.530417175748889 -0.307633687173764 -0.536012113982656 -0.81854493978949 0.201122488335762 -0.818697903636032 -0.708211919403658 -0.87999218738068 -0.93274342447932 -0.896190523734467
"coworker.score v avg..separation" 0.212360316969076 0.0710732672375973 0.224787245229568 0.370719101407765 0.579727627604978 0.363956343474277 0.420181085254172 0.947239846988408 0.804173980927809 0.880858112806738 0.710126222275289 0.525625252661505 0.66994813283364
"coworker.score v std..separation" -0.445263244521935 -0.419712449432372 -0.443996795913089 -0.538545244763307 -0.468670232855081 -0.64878358708432 -0.260191254368296 -0.617057200477507 -0.811964380911135 -0.941561274483022 -0.901477368317481 -0.891449695889435 -0.655292308845223
"coworker.score v std..separation" 0.463064656815298 0.487395813437556 0.464303785743719 0.360862950024012 0.439504965687847 0.203888855463639 0.870221221684629 0.70645192723944 0.811157402016226 0.471141891621068 0.654494658638828 0.682740191140559 0.90121539113665
"coworker.score v avg..time.under.0.3m" -0.217504820179077 0.0493473132018859 -0.179611465272976 -0.474192881752064 -0.520681956671088 -0.581273897321323 -0.480914356611664 -0.718118663081129 -0.926850517258848 -0.815740714729919 -0.702525740399639 -0.761833022810788 -0.760473733300687
"coworker.score v avg..time.under.0.3m" 0.640455989344014 0.773655312388618 0.663141790486843 0.433757924882958 0.382262861946262 0.305520720243858 0.791759867567859 0.602176164786816 0.556399452592516 0.807297103777356 0.883369012032038 0.85177999332875 0.852664493009703
"coworker.score v std..time.under.0.3m" -0.427980778546906 -0.116574947895462 -0.109952035017882 -0.344445769240706 -0.246148468754202 -0.460906328648637 -0.473542804038998 -0.585841970720847 -0.883032667677493 -0.819153600693274 -0.75566855030979 -0.848331640348807 -0.734529531671256
"coworker.score v std..time.under.0.3m" 0.479673369779888 0.697735788425095 0.701162521578904 0.55172230998681 0.622253010118119 0.447460514354699 0.795294678034657 0.730123737219498 0.703299354739242 0.803684611553492 0.855718855742345 0.767000106044914 0.867942456234769
"avg..robot.time v std..robot.time" 0.122404173811386 -0.865395478447311 -0.127876454783762 0.133193032235944 0.198303742745357 -0.0639106131116991 -0.1489027254619 -0.538051045175078 -0.348806904570625 -0.645155958654813 -0.687803317880966 -0.568038517427041 -0.470001198685521
"avg..robot.time v std..robot.time" 0.801575127376479 -0.322524083074332 0.69180098326967 0.80546165204185 0.827750377291247 0.723992080676421 0.895749371670788 0.761129870938195 0.956159204055832 0.904462007625841 0.889472975794991 0.924413482937987 0.9417272821976
"avg..robot.time v avg..separation" -0.762576183998337 -0.902466084460747 -0.75426014266646 -0.679929641997025 -0.73681298069922 -0.799114470472945 -0.73392485336241 -0.712334185162988 -0.897401152367647 -0.868437097461474 -0.932077186876125 -0.864679089495979 -0.895881957289035
"avg..robot.time v avg..separation" -0.0223567625059524 -0.466330712099356 -0.00278249555046163 0.149861564143541 0.0364946708753118 -0.115655463262484 0.58043725310103 0.60967080214391 0.666525340092528 0.733603215404169 0.529307012992927 0.740494750940753 0.670810019169041
"avg..robot.time v std..separation" -0.444860253900477 -0.847222100527551 -0.778323690107694 -0.524456364436768 -0.146254017902356 -0.285414248000259 -0.661239047538592 -0.506920330451866 -0.881199991435996 -0.65926134025994 -0.383046748751834 -0.695779849385935 -0.539862748369052
"avg..robot.time v std..separation" 0.463459339715929 -0.260126892682682 -0.0610461047589554 0.377820474876472 0.681907910996353 0.595674213199292 0.666984755824614 0.778569365671088 0.70744963875024 0.899894681824358 0.952636877157321 0.886234293214875 0.9301106400616
"avg..robot.time v avg..time.under.0.3m" 0.173082306714665 0.521719298016194 0.298361996857722 0.177272292957511 0.0670846509856802 0.103652767174848 0.0880689698437422 -0.304592383084186 -0.076262392550467 -0.784425909583749 0.124422180657921 -0.350956275500007 -0.396199025716014
"avg..robot.time v avg..time.under.0.3m" 0.81934600946346 0.915206535216336 0.858523646772349 0.820761718690505 0.780702720333792 0.794680827340875 0.933968867218744 0.858004112413049 0.975100366812719 0.835595680177915 0.983289642906721 0.955948669436862 0.951181390425043
"avg..robot.time v std..time.under.0.3m" -0.28513014304751 -0.59556615153976 -0.439540967654563 -0.0330383060654196 0.131440954229996 0.270646802939766 -0.234165372296093 -0.46656904446614 -0.65468424430989 -0.690049529407472 -0.318238327358405 -0.645216820659841 -0.583213564386298
"avg..robot.time v std..time.under.0.3m" 0.595873711256733 0.285568073856514 0.468635411366795 0.738390792173049 0.804834400506314 0.850385490209941 0.876789525752934 0.798561160599257 0.901415204637964 0.888576704224672 0.959014222260271 0.904443035313878 0.921041845248855
"std..robot.time v avg..separation" -0.47161063702948 -0.30178848028204 -0.610624898434211 -0.242058229589334 -0.498972034703899 -0.557928752517257 -0.71213497803583 -0.94557040566384 -0.765068506073134 -0.833715291040689 -0.919351600593931 -0.697248945784281 -0.485758336627756
"std..robot.time v avg..separation" 0.436454316560545 0.583989593233701 0.263685138680915 0.624911124695579 0.407029369962653 0.3365185643198 0.609924761412073 -0.185716862215617 0.849636971979782 0.786798870710069 0.590445413193319 0.885620445268339 0.939371589199212
"std..robot.time v std..separation" 0.019012123505217 0.326205168805971 -0.317065033607498 -0.458304554620063 -0.297549797167549 -0.504010261131302 -0.312636514609489 -0.322378722972671 -0.706499845115258 -0.855852589953188 -0.631938567981415 0.705311764756159 -0.758492105287006
"std..robot.time v std..separation" 0.761172350382712 0.866424777313635 0.572746944234106 0.450094732358723 0.587049933874476 0.401398102339215 0.855640439045279 0.852711035927108 0.881623656110278 0.755454116950393 0.908441918976976 0.996267395606167 0.853937596723377
"std..robot.time v avg..time.under.0.3m" -0.289057414893595 -0.575590269291954 -0.0959158496907462 -0.533814550342544 -0.405347166494159 -0.254441310993567 -0.43751133096505 -0.460712942526366 -0.66650717527749 -0.476701251347823 -0.815559562354168 -0.739910277507971 -0.893839375582016
"std..robot.time v avg..time.under.0.3m" 0.593106316033384 0.31324464696306 0.708303143348599 0.366623964078078 0.500483523967596 0.616801591667147 0.8114142084916 0.801247759177817 0.897407514982916 0.940742264646682 0.807485510816467 0.865004936523007 0.676410582112661
"std..robot.time v std..time.under.0.3m" 0.466716280216851 0.212710514944443 0.290844595749813 0.00178648984011192 -0.249010490117646 -0.35622491092402 0.556528212945145 -0.359868893487961 -0.490017675597978 -0.616218989328805 -0.700145178765233 0.632700495818076 -0.0229843601931857
"std..robot.time v std..time.under.0.3m" 0.902557490784099 0.832427564845032 0.856343815238038 0.753830447991159 0.620381089659179 0.542313041834661 0.977053256150488 0.840703698268289 0.938710852955386 0.912837622564503 0.884393862120294 0.995143513368902 0.977595299694092
"avg..separation v std..separation" -0.386297772273853 0.0607094218905262 0.0222271596277207 0.000294565431050708 -0.601240796882652 -0.22943114443354 -0.624940514207783 -0.691724376716513 -0.695241013121881 -0.973354977945374 -0.811876906181894 -0.625037568359114 -0.916121713806305
"avg..separation v std..separation" 0.517222891756375 0.778190436836945 0.762521915770812 0.753185599487086 0.277428332820078 0.632992178324152 0.69996554367986 0.634581381644864 0.886458056767074 0.110277117392049 0.811245176452066 0.910414544908855 0.603621819044358
"avg..separation v avg..time.under.0.3m" -0.982926494944782 -0.993510014179201 -0.981110263513648 -0.926863464648404 -0.939130014331517 -0.947811543099 -0.905725742171888 -0.740618926689017 -0.979867285587286 -0.96861067212752 -0.947934590912071 -0.935222909428334 -0.988030436955656
"avg..separation v avg..time.under.0.3m" -0.88479239813848 -0.954821279465915 -0.873204459911079 -0.575480213412521 -0.635533745697885 -0.680378379558979 0.0967948771995176 0.570628982528096 -0.0310380687458772 0.191471074423303 0.423672426717674 0.511425715036507 -0.284980839673038
"avg..separation v std..time.under.0.3m" -0.399685129428324 -0.455574363033849 -0.48195519297885 -0.345833302939586 -0.828093258088581 -0.884289644047787 -0.740370923160917 -0.604189808546587 -0.883866519822358 -0.959606220899003 -0.882359953334604 -0.7346515077529 -0.670545286510455
"avg..separation v std..time.under.0.3m" 0.505530711258819 0.452842073641097 0.425553369800264 0.55062566536474 -0.19935073290101 -0.39281644811927 0.570999159592833 0.716582220501641 0.701374525657173 0.311548949638906 0.704835451606581 0.867877084822908 0.895976896094048
"std..separation v avg..time.under.0.3m" -0.530623032706226 -0.744209497497658 -0.760739765644169 -0.607027178183827 -0.048887530618018 -0.49192442667316 -0.668049306537814 -0.520938312326513 -0.908505158357875 -0.565459432254923 -0.492771308002831 -0.768655058276292 -0.631457585723478
"std..separation v avg..time.under.0.3m" 0.370471958218567 0.0201302914262341 -0.0179848256986916 0.268996360126966 0.7310856060041 0.414792661163535 0.660157106284395 0.770954733549084 0.631721058455169 0.924964221677857 0.938278029904468 0.847197420659188 0.90858166684898
"std..separation v std..time.under.0.3m" 0.626126131536223 0.283707418560221 -0.0166876528220333 0.179050543198637 0.211724556897065 -0.236941701755651 0.096556982972937 0.68595342796229 -0.150148149754555 -0.606934750378129 0.210656198273578 0.742054171354232 -0.421268779641006
"std..separation v std..time.under.0.3m" 0.937258217722557 0.854255419029656 0.745742026777249 0.821360172914821 0.832110261782643 0.628208130923511 0.935053429640874 0.984937776717875 0.971135680716664 0.91527735497539 0.985989406256494 0.996800840864193 0.948230510246387
"avg..time.under.0.3m v std..time.under.0.3m" -0.448106092012475 -0.387820879398202 -0.335132025419107 -0.30956514466299 0.61559166977781 0.496060076262069 -0.396627506472001 -0.585071093293505 -0.679758977094654 0.269083062175204 -0.141546149323946 -0.722332125281019 -0.881754658577842
"avg..time.under.0.3m v std..time.under.0.3m" 0.460270143384232 0.515909436337911 0.559004130607167 0.578308573014771 0.935140709844573 0.909400615471854 0.827660688119563 0.730670918098757 0.89258623883111 0.987613626169749 0.971631491294355 0.874210640770774 0.706204994379592
