0.272413
0.265425
0.265867
0.266151
0.252016
0.25207
0.245851
0.245287
0.243135
0.22937
0.225137
0.221305
0.216687
0.211579
0.203202
0.198144
0.188643
0.183687
0.178466
0.172518
0.165209
0.164872
0.143863
0.133299
0.123704
0.117477
0.114137
0.112472
0.112472
0.111476
0.111232
0.111047
0.110994
0.110957
0.110939
0.110937
0.110936
0.110933
0.110934
0.110934
0.110935
0.110935
0.110939
0.110938
0.110934
0.110934
0.110934
0.110934
0.110934
0.110933
0.110929
0.110929
0.110929
0.11093
0.110931
0.110931
0.110935
0.110935
0.110935
0.110935
0.110934
0.110934
0.110933
0.110933
0.110932
0.110932
0.111268
0.111268
0.111269
0.111605
0.111605
0.111942
0.111942
0.111942
0.112918
0.112918
0.115089
0.115089
0.115089
0.118382
0.118382
0.128671
0.128671
0.128671
0.135224
0.135227
0.142883
0.142885
0.142885
0.160018
0.160018
0.169609
0.171176
0.174019
0.186044
0.186655
0.207554
0.201878
0.194821
0.197133
0.186515
0.204695
0.204695
0.188173
0.197847
0.185329
0.190713
0.187883
0.183855
0.210808
0.207509
0.221329
0.220784
0.220962
0.235777
0.236947
0.265488
0.268635
0.271314
0.289043
0.293382
0.309698
0.319338
0.319338
0.323284
0.333324
0.340919
0.343011
0.349319
0.353096
0.363547
0.368103
0.381173
0.391014
0.400491
0.411235
0.413172
0.427937
0.434099
0.439486
0.444936
0.450243
0.450243
0.455496
0.458355
0.465529
0.473226
0.47566
0.292622
0.293082
0.293347
0.293298
0.2935
0.29355
0.293588
0.293594
0.293539
0.293237
0.293059
0.292653
0.292344
0.292066
0.291855
0.291739
0.291559
0.29148
0.291511
0.291731
0.292118
0.293059
0.293059
0.294606
0.297898
0.301278
0.306039
0.311199
0.316996
0.325877
0.333209
0.341721
0.350191
0.360496
0.37014
0.378976
0.387289
0.395477
0.403689
0.411774
0.419756
0.425533
0.430253
0.434875
0.438752
0.439867
0.442787
0.446784
0.44751
