116.709
117.675
117.613
117.573
119.68
119.672
120.675
120.769
121.129
123.598
124.417
125.187
126.15
127.264
129.212
130.468
133.01
134.441
136.033
137.965
140.53
140.653
149.511
155.019
160.838
165.123
167.614
168.911
168.911
169.706
169.902
170.052
170.095
170.125
170.14
170.141
170.142
170.144
170.144
170.144
170.143
170.143
170.139
170.14
170.144
170.144
170.144
170.144
170.144
170.144
170.148
170.148
170.147
170.147
170.146
170.146
170.143
170.143
170.143
170.143
170.144
170.144
170.144
170.144
170.146
170.146
169.873
169.873
169.873
169.602
169.602
169.332
169.332
169.332
168.56
168.56
166.889
166.889
166.889
164.472
164.472
157.717
157.718
157.718
153.951
153.95
149.987
149.986
149.986
142.493
142.493
138.959
138.42
137.465
133.751
133.575
128.18
129.535
131.329
130.727
133.615
128.853
128.853
133.143
130.544
133.958
132.435
133.225
134.391
127.437
128.191
125.182
125.293
125.257
122.413
122.203
117.666
117.225
116.858
114.597
114.085
112.29
111.315
111.315
110.933
110.001
109.332
109.154
108.627
108.321
107.507
107.166
106.235
105.575
104.969
104.317
104.203
103.368
103.036
102.754
102.475
102.21
102.21
101.954
101.817
101.481
101.132
101.023
114.174
114.12
114.089
114.095
114.072
114.066
114.061
114.061
114.067
114.102
114.123
114.17
114.206
114.239
114.264
114.277
114.298
114.308
114.304
114.278
114.233
114.123
114.123
113.944
113.569
113.192
112.676
112.134
111.546
110.686
110.011
109.264
108.556
107.74
107.017
106.387
105.821
105.286
104.772
104.285
103.823
103.5
103.242
102.995
102.792
102.734
102.584
102.382
102.346
