36.709
37.6755
37.6127
37.5726
39.68
39.6715
40.675
40.7686
41.1294
43.5976
44.4174
45.1866
46.1496
47.2637
49.2122
50.4683
53.0101
54.4406
56.0331
57.9651
60.5296
60.6532
69.5105
76.0193
82.8382
88.1233
91.6143
93.9112
94.9112
96.7057
97.9021
99.0523
100.095
101.125
102.14
103.141
104.142
105.144
106.144
107.144
108.143
109.143
110.139
111.14
112.144
113.144
114.144
115.144
116.144
117.144
118.148
119.148
120.147
121.147
122.146
123.146
124.143
125.143
126.143
127.143
128.144
129.144
130.144
131.144
132.146
133.146
133.873
134.873
135.873
136.602
137.602
138.332
139.332
140.332
140.56
141.56
140.889
141.889
142.889
141.472
142.472
136.717
137.718
138.718
135.951
136.95
133.987
134.986
135.986
62.493
62.493
58.959
58.4195
57.4649
53.7508
53.5747
48.1802
49.5349
51.3292
50.7272
53.6151
48.8531
48.8531
53.1426
50.5442
53.9582
52.4347
53.2245
54.3908
47.4365
48.1906
45.1816
45.2932
45.2567
42.413
42.2035
37.6665
37.2252
36.8576
34.5969
34.0853
32.2895
31.3148
31.3148
30.9326
30.0008
29.3325
29.1536
28.6271
28.3209
27.5067
27.1663
26.2348
25.5746
24.9694
24.317
24.203
23.3679
23.0362
22.7538
22.4751
22.2102
22.2102
21.9541
21.8171
21.481
21.1315
21.0234
34.1738
34.1202
34.0893
34.095
34.0715
34.0658
34.0613
34.0606
34.067
34.1022
34.1228
34.1701
34.2063
34.2388
34.2635
34.2772
34.2984
34.3077
34.3041
34.2782
34.2327
34.1229
34.1229
33.9436
33.5685
33.192
32.6756
32.1337
31.5462
30.6864
30.0112
29.2636
28.5558
27.7396
27.0168
26.3869
25.8205
25.2859
24.7716
24.2852
23.8234
23.4999
23.2421
22.9951
22.7919
22.7341
22.5842
22.3822
22.3459
