0.186529
0.187658
0.18839
0.188726
0.188933
0.188992
0.189026
0.188987
0.188507
0.187686
0.186786
0.185692
0.185692
0.1847
0.183646
0.182793
0.181838
0.18155
0.179942
0.175844
0.172046
0.163688
0.153183
0.141887
0.138783
0.120858
0.111489
0.106147
0.103593
0.102422
0.101928
0.10168
0.101569
0.101526
0.101522
0.101506
0.101501
0.101502
0.101499
0.101498
0.101495
0.101495
0.101495
0.101495
0.101496
0.101496
0.101496
0.101496
0.101496
0.101497
0.101497
0.101498
0.101498
0.101498
0.101498
0.101498
0.101498
0.101498
0.101498
0.101498
0.101498
0.101498
0.101498
0.101498
0.101498
0.101497
0.101497
0.0614972
0.0614972
0.0614972
0.0614972
0.0614972
0.0614972
0.0614972
0.0614972
0.0614972
0.0614972
0.0614972
0.0614972
0.0614972
0.0614972
0.0614972
0.0614972
0.0614972
0.0614972
0.061497
0.061497
0.061497
0.061497
0.101497
0.101497
0.101497
0.101497
0.101497
0.101497
0.101497
0.101497
0.101497
0.101497
0.101497
0.101497
0.101497
0.101497
0.101497
0.101497
0.101497
0.101497
0.101493
0.101111
0.100607
0.0997137
0.0986931
0.0974331
0.0962841
0.0949312
0.0949312
0.0937159
0.0935807
0.0899972
0.0870985
0.0844019
0.0813114
0.0774217
0.072836
0.0700017
0.0650715
0.0613565
0.0577515
0.054215
0.0514853
0.0500222
0.049209
0.049209
0.0491492
0.0497037
0.0504659
0.0521075
0.0529214
0.0562193
0.0589145
0.0612109
0.0636856
0.0660638
0.0679588
0.0695812
0.0718126
0.0734969
0.0748675
0.0759043
0.0765018
0.0765018
0.0766073
0.0764192
0.0754995
0.0741602
0.0726827
0.071181
0.0695388
0.0673937
0.065357
0.063016
0.0612398
0.0597121
0.0584577
0.0577576
0.0581687
0.0581687
0.0592574
0.061663
0.0652113
0.0706117
0.0769041
0.0832553
0.0902573
0.0955811
0.104019
0.110076
0.116149
0.121984
0.127584
0.132341
0.136945
0.14009
0.14009
0.142344
0.143552
0.144552
0.144968
0.146592
0.1489
0.150728
0.153667
0.157129
0.160613
0.161292
0.168425
0.171865
0.175278
0.178556
0.182915
0.182915
0.186716
0.197892
0.20131
0.231302
0.234212
0.23711
0.258398
0.260814
0.283966
0.287372
0.290013
0.341116
0.343695
0.372416
0.372416
0.374818
0.403684
0.407433
0.466273
0.469764
0.472058
0.474832
0.477195
0.478374
0.482107
0.293446
0.294156
0.294319
0.294727
0.29483
0.294855
0.294847
0.294736
0.29442
0.294237
0.293631
0.293223
0.292923
0.292703
0.292658
0.292574
0.292513
0.29251
0.292826
0.29354
0.294188
0.295838
0.296452
0.301461
0.30744
0.310382
0.316252
0.322898
0.329759
0.334189
0.346622
0.356094
0.350838
0.365257
0.380515
0.385529
0.395552
0.401404
0.414181
0.429085
0.432147
0.439755
0.442884
0.44926
0.452211
0.457807
0.461626
0.46556
0.469828
