93.611
93.2883
93.0815
92.9869
92.9287
92.9124
92.9027
92.9136
93.0483
93.2805
93.5372
93.8526
93.8526
94.142
94.4527
94.7067
94.9939
95.0813
95.5736
96.8685
98.1241
101.092
105.281
110.479
112.055
122.742
129.695
134.209
136.532
137.636
138.109
138.348
138.455
138.497
138.5
138.516
138.521
138.52
138.523
138.524
138.527
138.527
138.527
138.527
138.526
138.526
138.526
138.526
138.526
138.525
138.525
138.524
138.524
138.524
138.524
138.524
138.524
138.524
138.524
138.524
138.524
138.524
138.524
138.524
138.524
138.525
138.525
202.609
202.609
202.609
202.609
202.609
202.609
202.609
202.609
202.609
202.609
202.609
202.609
202.609
202.609
202.609
202.609
202.609
202.609
202.61
202.61
202.61
202.61
138.525
138.525
138.525
138.525
138.525
138.525
138.525
138.525
138.525
138.525
138.525
138.525
138.525
138.525
138.525
138.525
138.525
138.525
138.529
138.901
139.397
140.287
141.324
142.634
143.859
145.339
145.339
146.705
146.86
151.115
154.812
158.481
162.984
169.163
177.295
182.854
193.677
202.982
213.156
224.451
234.23
239.911
243.215
243.215
243.462
241.192
238.154
231.911
228.96
217.875
209.737
203.37
197.021
191.369
187.148
183.717
179.251
176.06
173.569
171.745
170.716
170.716
170.536
170.857
172.451
174.843
177.584
180.487
183.805
188.382
193.006
198.69
203.293
207.47
211.064
213.137
211.914
211.914
208.755
202.172
193.348
181.62
170.032
160.112
150.794
144.623
136.137
130.846
126.096
121.978
118.38
115.562
113.022
111.383
111.383
110.252
109.661
109.179
108.981
108.216
107.159
106.345
105.076
103.642
102.262
102
99.3736
98.185
97.0524
96.0049
94.6703
94.6703
93.5572
90.5325
89.6745
83.2335
82.6964
82.1746
78.7
78.3416
75.2155
74.7981
74.4812
69.3155
69.0955
66.8517
66.8517
66.6796
64.7718
64.5439
61.4467
61.2873
61.1838
61.0601
60.9558
60.9042
60.7423
74.0779
73.9955
73.9768
73.9297
73.9179
73.915
73.916
73.9287
73.9651
73.9862
74.0564
74.1038
74.1386
74.1644
74.1696
74.1793
74.1865
74.1869
74.15
74.0669
73.9919
73.8023
73.7322
73.1718
72.5267
72.2184
71.6204
70.9695
70.3252
69.9232
68.8499
68.0825
68.5032
67.378
66.2802
65.9384
65.2811
64.9126
64.1441
63.3054
63.1403
62.7399
62.5793
62.2588
62.1136
61.8432
61.6626
61.4795
61.2844
