53.611
53.2883
53.0815
52.9869
52.9287
52.9124
52.9027
52.9136
53.0483
53.2805
53.5372
53.8526
53.8526
54.142
54.4527
54.7067
54.9939
55.0813
55.5736
56.8685
58.1241
61.0917
65.2813
70.4789
73.055
84.742
92.6953
98.2088
101.532
103.636
105.109
106.348
107.455
108.497
109.5
110.516
111.521
112.52
113.523
114.524
115.527
116.527
117.527
118.527
119.526
120.526
121.526
122.526
123.526
124.525
125.525
126.524
127.524
128.524
129.524
130.524
131.524
132.524
133.524
134.524
135.524
136.524
137.524
138.524
139.524
140.525
141.525
206.609
207.609
208.609
209.609
210.609
211.609
212.609
213.609
214.609
215.609
216.609
217.609
218.609
219.609
220.609
221.609
222.609
223.609
224.61
162.61
162.61
162.61
98.5251
98.5251
98.5251
98.5251
98.5251
98.5251
98.5251
98.5251
98.5251
98.5251
98.5251
98.5251
98.5251
98.5251
98.5251
98.5251
98.5251
98.5251
98.5289
98.901
99.3971
100.287
101.324
102.634
103.859
105.339
105.339
106.705
106.86
111.115
114.812
118.481
122.984
129.163
137.295
142.854
153.677
162.982
173.156
184.451
194.23
199.911
203.215
203.215
203.462
201.192
198.154
191.911
188.96
177.875
169.737
163.37
157.021
151.369
147.148
143.717
139.251
136.06
133.569
131.745
130.716
130.716
130.536
130.857
132.451
134.843
137.584
140.487
143.805
148.382
153.006
158.69
163.293
167.47
171.064
173.137
171.914
171.914
168.755
162.172
153.348
141.62
130.032
120.112
110.794
104.623
96.1366
90.8464
86.0964
81.9777
78.3797
75.5624
73.022
71.3827
71.3827
70.2525
69.661
69.1794
68.981
68.2165
67.1591
66.3445
65.0758
63.6419
62.2616
61.9995
59.3736
58.185
57.0524
56.0049
54.6703
54.6703
53.5572
50.5325
49.6745
43.2335
42.6964
42.1746
38.7
38.3416
35.2155
34.7981
34.4812
29.3155
29.0955
26.8517
26.8517
26.6796
24.7718
24.5439
21.4467
21.2873
21.1838
21.0601
20.9558
20.9042
20.7423
34.0779
33.9955
33.9768
33.9297
33.9179
33.915
33.916
33.9287
33.9651
33.9862
34.0564
34.1038
34.1386
34.1644
34.1696
34.1793
34.1865
34.1869
34.15
34.0669
33.9919
33.8023
33.7322
33.1718
32.5267
32.2184
31.6204
30.9695
30.3252
29.9232
28.8499
28.0825
28.5032
27.378
26.2802
25.9384
25.2811
24.9126
24.1441
23.3054
23.1403
22.7399
22.5793
22.2588
22.1136
21.8432
21.6626
21.4795
21.2844
